#framerate:	8.00

#Frame 	 Voronoi density(m^(-2))		Voronoi velocity(m/s)
00240	0.025	0.936
00241	0.025	0.945
00242	0.025	0.950
00243	0.025	0.962
00244	0.025	0.966
00245	0.025	0.969
00246	0.025	0.965
00247	0.024	0.960
00248	0.024	0.961
00249	0.024	0.969
00250	0.025	0.966
00251	0.025	0.971
00252	0.025	0.969
00253	0.025	0.972
00254	0.025	0.973
00255	0.025	0.979
00256	0.025	0.987
00257	0.033	0.998
00258	0.033	1.002
00259	0.033	0.999
00260	0.033	1.000
00261	0.034	0.997
00262	0.034	0.998
00263	0.034	0.996
00264	0.034	0.995
00265	0.034	0.992
00266	0.034	0.993
00267	0.034	0.992
00268	0.034	0.993
00269	0.034	0.994
00270	0.034	0.994
00271	0.034	0.992
00272	0.034	0.993
00273	0.033	0.993
00274	0.034	0.993
00275	0.034	0.993
00276	0.034	0.992
00277	0.034	0.992
00278	0.034	0.990
00279	0.034	0.994
00280	0.034	0.994
00281	0.034	0.997
00282	0.034	0.996
00283	0.034	0.997
00284	0.034	0.991
00285	0.034	0.981
00286	0.034	0.972
00287	0.035	0.965
00288	0.035	0.964
00289	0.035	0.963
00290	0.035	0.963
00291	0.035	0.960
00292	0.035	0.961
00293	0.035	0.962
00294	0.035	0.970
00295	0.035	0.979
00296	0.034	0.987
00297	0.034	0.992
00298	0.034	0.996
00299	0.034	0.995
00300	0.034	0.997
00301	0.034	0.997
00302	0.033	0.998
00303	0.033	0.998
00304	0.033	0.999
00305	0.033	1.000
00306	0.032	0.999
00307	0.032	0.999
00308	0.031	0.999
00309	0.031	0.999
00310	0.031	0.998
00311	0.030	0.998
00312	0.030	0.997
00313	0.030	0.996
00314	0.029	0.996
00315	0.029	0.996
00316	0.029	0.996
00317	0.029	1.000
00318	0.029	0.995
00319	0.029	0.998
00320	0.029	0.995
